(kicad_pcb (version 20171130) (host pcbnew "(5.0.1)-3")

  (general
    (thickness 1.6)
    (drawings 0)
    (tracks 87)
    (zones 0)
    (modules 41)
    (nets 71)
  )

  (page A4)
  (layers
    (0 F.Cu signal)
    (31 B.Cu signal)
    (32 B.Adhes user hide)
    (33 F.Adhes user hide)
    (34 B.Paste user hide)
    (35 F.Paste user hide)
    (36 B.SilkS user)
    (37 F.SilkS user)
    (38 B.Mask user hide)
    (39 F.Mask user hide)
    (40 Dwgs.User user hide)
    (41 Cmts.User user hide)
    (42 Eco1.User user hide)
    (43 Eco2.User user hide)
    (44 Edge.Cuts user)
    (45 Margin user hide)
    (46 B.CrtYd user hide)
    (47 F.CrtYd user hide)
    (48 B.Fab user hide)
    (49 F.Fab user hide)
  )

  (setup
    (last_trace_width 0.6096)
    (user_trace_width 0.3048)
    (user_trace_width 0.6096)
    (user_trace_width 1.27)
    (trace_clearance 0.2)
    (zone_clearance 0.508)
    (zone_45_only no)
    (trace_min 0.2)
    (segment_width 0.2)
    (edge_width 0.15)
    (via_size 0.8)
    (via_drill 0.4)
    (via_min_size 0.4)
    (via_min_drill 0.3)
    (uvia_size 0.3)
    (uvia_drill 0.1)
    (uvias_allowed no)
    (uvia_min_size 0.2)
    (uvia_min_drill 0.1)
    (pcb_text_width 0.3)
    (pcb_text_size 1.5 1.5)
    (mod_edge_width 0.15)
    (mod_text_size 1 1)
    (mod_text_width 0.15)
    (pad_size 1.524 1.524)
    (pad_drill 0.762)
    (pad_to_mask_clearance 0.051)
    (solder_mask_min_width 0.25)
    (aux_axis_origin 0 0)
    (visible_elements 7FFFFFFF)
    (pcbplotparams
      (layerselection 0x010fc_ffffffff)
      (usegerberextensions false)
      (usegerberattributes false)
      (usegerberadvancedattributes false)
      (creategerberjobfile false)
      (excludeedgelayer true)
      (linewidth 0.100000)
      (plotframeref false)
      (viasonmask false)
      (mode 1)
      (useauxorigin false)
      (hpglpennumber 1)
      (hpglpenspeed 20)
      (hpglpendiameter 15.000000)
      (psnegative false)
      (psa4output false)
      (plotreference true)
      (plotvalue true)
      (plotinvisibletext false)
      (padsonsilk false)
      (subtractmaskfromsilk false)
      (outputformat 1)
      (mirror false)
      (drillshape 1)
      (scaleselection 1)
      (outputdirectory ""))
  )

  (net 0 "")
  (net 1 "Net-(D2-Pad1)")
  (net 2 "Net-(R9-Pad2)")
  (net 3 GND)
  (net 4 CAM2_OUT)
  (net 5 "Net-(D3-Pad1)")
  (net 6 "Net-(R12-Pad2)")
  (net 7 CANL)
  (net 8 CANH)
  (net 9 "Net-(R10-Pad1)")
  (net 10 +5V)
  (net 11 "Net-(R8-Pad2)")
  (net 12 "Net-(D1-Pad1)")
  (net 13 RS485_B)
  (net 14 RS485_A)
  (net 15 "Net-(R6-Pad2)")
  (net 16 "Net-(R5-Pad1)")
  (net 17 "Net-(R3-Pad1)")
  (net 18 CAM1_OUT)
  (net 19 "Net-(R1-Pad1)")
  (net 20 "Net-(D4-Pad1)")
  (net 21 "Net-(R13-Pad2)")
  (net 22 -5V)
  (net 23 "Net-(C6-Pad2)")
  (net 24 "Net-(C6-Pad1)")
  (net 25 RXD)
  (net 26 "Net-(U7-Pad2)")
  (net 27 "Net-(U7-Pad3)")
  (net 28 TXD)
  (net 29 "Net-(U7-Pad6)")
  (net 30 "Net-(U7-Pad9)")
  (net 31 "Net-(U7-Pad10)")
  (net 32 "Net-(U7-Pad11)")
  (net 33 "Net-(U7-Pad12)")
  (net 34 "Net-(U7-Pad13)")
  (net 35 "Net-(U7-Pad14)")
  (net 36 "Net-(J2-Pad3)")
  (net 37 "Net-(J2-Pad2)")
  (net 38 "Net-(U7-Pad17)")
  (net 39 "Net-(U7-Pad19)")
  (net 40 "Net-(U7-Pad26)")
  (net 41 "Net-(U7-Pad27)")
  (net 42 "Net-(U7-Pad28)")
  (net 43 "Net-(U5-Pad28)")
  (net 44 "Net-(U5-Pad27)")
  (net 45 "Net-(U5-Pad26)")
  (net 46 "Net-(U5-Pad19)")
  (net 47 "Net-(U5-Pad17)")
  (net 48 "Net-(J1-Pad2)")
  (net 49 "Net-(J1-Pad3)")
  (net 50 "Net-(U5-Pad14)")
  (net 51 "Net-(U5-Pad13)")
  (net 52 "Net-(U5-Pad12)")
  (net 53 "Net-(U5-Pad11)")
  (net 54 "Net-(U5-Pad10)")
  (net 55 "Net-(U5-Pad9)")
  (net 56 "Net-(U5-Pad6)")
  (net 57 D)
  (net 58 "Net-(U5-Pad3)")
  (net 59 "Net-(U5-Pad2)")
  (net 60 R)
  (net 61 CAM2-)
  (net 62 "Net-(U3-Pad4)")
  (net 63 "Net-(U3-Pad5)")
  (net 64 CAM2+)
  (net 65 CAM1+)
  (net 66 "Net-(U1-Pad5)")
  (net 67 "Net-(U1-Pad4)")
  (net 68 CAM1-)
  (net 69 "Net-(F2-Pad1)")
  (net 70 "Net-(F1-Pad1)")

  (net_class Default "This is the default net class."
    (clearance 0.2)
    (trace_width 0.25)
    (via_dia 0.8)
    (via_drill 0.4)
    (uvia_dia 0.3)
    (uvia_drill 0.1)
    (add_net +5V)
    (add_net -5V)
    (add_net CAM1+)
    (add_net CAM1-)
    (add_net CAM1_OUT)
    (add_net CAM2+)
    (add_net CAM2-)
    (add_net CAM2_OUT)
    (add_net CANH)
    (add_net CANL)
    (add_net D)
    (add_net GND)
    (add_net "Net-(C6-Pad1)")
    (add_net "Net-(C6-Pad2)")
    (add_net "Net-(D1-Pad1)")
    (add_net "Net-(D2-Pad1)")
    (add_net "Net-(D3-Pad1)")
    (add_net "Net-(D4-Pad1)")
    (add_net "Net-(F1-Pad1)")
    (add_net "Net-(F2-Pad1)")
    (add_net "Net-(J1-Pad2)")
    (add_net "Net-(J1-Pad3)")
    (add_net "Net-(J2-Pad2)")
    (add_net "Net-(J2-Pad3)")
    (add_net "Net-(R1-Pad1)")
    (add_net "Net-(R10-Pad1)")
    (add_net "Net-(R12-Pad2)")
    (add_net "Net-(R13-Pad2)")
    (add_net "Net-(R3-Pad1)")
    (add_net "Net-(R5-Pad1)")
    (add_net "Net-(R6-Pad2)")
    (add_net "Net-(R8-Pad2)")
    (add_net "Net-(R9-Pad2)")
    (add_net "Net-(U1-Pad4)")
    (add_net "Net-(U1-Pad5)")
    (add_net "Net-(U3-Pad4)")
    (add_net "Net-(U3-Pad5)")
    (add_net "Net-(U5-Pad10)")
    (add_net "Net-(U5-Pad11)")
    (add_net "Net-(U5-Pad12)")
    (add_net "Net-(U5-Pad13)")
    (add_net "Net-(U5-Pad14)")
    (add_net "Net-(U5-Pad17)")
    (add_net "Net-(U5-Pad19)")
    (add_net "Net-(U5-Pad2)")
    (add_net "Net-(U5-Pad26)")
    (add_net "Net-(U5-Pad27)")
    (add_net "Net-(U5-Pad28)")
    (add_net "Net-(U5-Pad3)")
    (add_net "Net-(U5-Pad6)")
    (add_net "Net-(U5-Pad9)")
    (add_net "Net-(U7-Pad10)")
    (add_net "Net-(U7-Pad11)")
    (add_net "Net-(U7-Pad12)")
    (add_net "Net-(U7-Pad13)")
    (add_net "Net-(U7-Pad14)")
    (add_net "Net-(U7-Pad17)")
    (add_net "Net-(U7-Pad19)")
    (add_net "Net-(U7-Pad2)")
    (add_net "Net-(U7-Pad26)")
    (add_net "Net-(U7-Pad27)")
    (add_net "Net-(U7-Pad28)")
    (add_net "Net-(U7-Pad3)")
    (add_net "Net-(U7-Pad6)")
    (add_net "Net-(U7-Pad9)")
    (add_net R)
    (add_net RS485_A)
    (add_net RS485_B)
    (add_net RXD)
    (add_net TXD)
  )

  (module Fuse:Fuse_0805_2012Metric (layer F.Cu) (tedit 5B36C52C) (tstamp 5BFA2EB3)
    (at 69.342 143.764)
    (descr "Fuse SMD 0805 (2012 Metric), square (rectangular) end terminal, IPC_7351 nominal, (Body size source: https://docs.google.com/spreadsheets/d/1BsfQQcO9C6DZCsRaXUlFlo91Tg2WpOkGARC1WS5S8t0/edit?usp=sharing), generated with kicad-footprint-generator")
    (tags resistor)
    (path /5BE60E00)
    (attr smd)
    (fp_text reference F1 (at 0 -1.65) (layer F.SilkS)
      (effects (font (size 1 1) (thickness 0.15)))
    )
    (fp_text value 500mA (at 0 1.65) (layer F.Fab)
      (effects (font (size 1 1) (thickness 0.15)))
    )
    (fp_text user %R (at 0 0) (layer F.Fab)
      (effects (font (size 0.5 0.5) (thickness 0.08)))
    )
    (fp_line (start 1.68 0.95) (end -1.68 0.95) (layer F.CrtYd) (width 0.05))
    (fp_line (start 1.68 -0.95) (end 1.68 0.95) (layer F.CrtYd) (width 0.05))
    (fp_line (start -1.68 -0.95) (end 1.68 -0.95) (layer F.CrtYd) (width 0.05))
    (fp_line (start -1.68 0.95) (end -1.68 -0.95) (layer F.CrtYd) (width 0.05))
    (fp_line (start -0.258578 0.71) (end 0.258578 0.71) (layer F.SilkS) (width 0.12))
    (fp_line (start -0.258578 -0.71) (end 0.258578 -0.71) (layer F.SilkS) (width 0.12))
    (fp_line (start 1 0.6) (end -1 0.6) (layer F.Fab) (width 0.1))
    (fp_line (start 1 -0.6) (end 1 0.6) (layer F.Fab) (width 0.1))
    (fp_line (start -1 -0.6) (end 1 -0.6) (layer F.Fab) (width 0.1))
    (fp_line (start -1 0.6) (end -1 -0.6) (layer F.Fab) (width 0.1))
    (pad 2 smd roundrect (at 0.9375 0) (size 0.975 1.4) (layers F.Cu F.Paste F.Mask) (roundrect_rratio 0.25)
      (net 10 +5V))
    (pad 1 smd roundrect (at -0.9375 0) (size 0.975 1.4) (layers F.Cu F.Paste F.Mask) (roundrect_rratio 0.25)
      (net 70 "Net-(F1-Pad1)"))
    (model ${KISYS3DMOD}/Fuse.3dshapes/Fuse_0805_2012Metric.wrl
      (at (xyz 0 0 0))
      (scale (xyz 1 1 1))
      (rotate (xyz 0 0 0))
    )
  )

  (module Fuse:Fuse_0805_2012Metric (layer F.Cu) (tedit 5B36C52C) (tstamp 5BFA2B8C)
    (at 94.234 145.034)
    (descr "Fuse SMD 0805 (2012 Metric), square (rectangular) end terminal, IPC_7351 nominal, (Body size source: https://docs.google.com/spreadsheets/d/1BsfQQcO9C6DZCsRaXUlFlo91Tg2WpOkGARC1WS5S8t0/edit?usp=sharing), generated with kicad-footprint-generator")
    (tags resistor)
    (path /5BE6F420)
    (attr smd)
    (fp_text reference F2 (at 0 -1.65) (layer F.SilkS)
      (effects (font (size 1 1) (thickness 0.15)))
    )
    (fp_text value 500mA (at 0 1.65) (layer F.Fab)
      (effects (font (size 1 1) (thickness 0.15)))
    )
    (fp_line (start -1 0.6) (end -1 -0.6) (layer F.Fab) (width 0.1))
    (fp_line (start -1 -0.6) (end 1 -0.6) (layer F.Fab) (width 0.1))
    (fp_line (start 1 -0.6) (end 1 0.6) (layer F.Fab) (width 0.1))
    (fp_line (start 1 0.6) (end -1 0.6) (layer F.Fab) (width 0.1))
    (fp_line (start -0.258578 -0.71) (end 0.258578 -0.71) (layer F.SilkS) (width 0.12))
    (fp_line (start -0.258578 0.71) (end 0.258578 0.71) (layer F.SilkS) (width 0.12))
    (fp_line (start -1.68 0.95) (end -1.68 -0.95) (layer F.CrtYd) (width 0.05))
    (fp_line (start -1.68 -0.95) (end 1.68 -0.95) (layer F.CrtYd) (width 0.05))
    (fp_line (start 1.68 -0.95) (end 1.68 0.95) (layer F.CrtYd) (width 0.05))
    (fp_line (start 1.68 0.95) (end -1.68 0.95) (layer F.CrtYd) (width 0.05))
    (fp_text user %R (at 0 0) (layer F.Fab)
      (effects (font (size 0.5 0.5) (thickness 0.08)))
    )
    (pad 1 smd roundrect (at -0.9375 0) (size 0.975 1.4) (layers F.Cu F.Paste F.Mask) (roundrect_rratio 0.25)
      (net 69 "Net-(F2-Pad1)"))
    (pad 2 smd roundrect (at 0.9375 0) (size 0.975 1.4) (layers F.Cu F.Paste F.Mask) (roundrect_rratio 0.25)
      (net 10 +5V))
    (model ${KISYS3DMOD}/Fuse.3dshapes/Fuse_0805_2012Metric.wrl
      (at (xyz 0 0 0))
      (scale (xyz 1 1 1))
      (rotate (xyz 0 0 0))
    )
  )

  (module RCJ-044:CUI_RCJ-044 (layer F.Cu) (tedit 5BDF5596) (tstamp 5BFA37FC)
    (at 127 112.15 90)
    (path /5BDFBE49)
    (fp_text reference J4 (at -7.23 -2.286 90) (layer F.SilkS)
      (effects (font (size 1.00672 1.00672) (thickness 0.05)))
    )
    (fp_text value CAM2_OUT (at -6.096 4.064 90) (layer F.SilkS) hide
      (effects (font (size 1.0058 1.0058) (thickness 0.05)))
    )
    (fp_line (start -9.6 2) (end -9.6 1) (layer F.SilkS) (width 0.127))
    (fp_line (start 9.11 4.15) (end 0 4.15) (layer Dwgs.User) (width 0.127))
    (fp_arc (start 9.11 3.76) (end 9.11 4.15) (angle -90) (layer Dwgs.User) (width 0.127))
    (fp_line (start 9.5 -3.56) (end 9.5 3.76) (layer Dwgs.User) (width 0.127))
    (fp_arc (start 8.91 -3.56) (end 9.5 -3.56) (angle -90) (layer Dwgs.User) (width 0.127))
    (fp_line (start 0 -4.15) (end 8.91 -4.15) (layer Dwgs.User) (width 0.127))
    (fp_line (start 9.11 4.15) (end 0.25 4.15) (layer F.SilkS) (width 0.127))
    (fp_arc (start 9.11 3.76) (end 9.11 4.15) (angle -90) (layer F.SilkS) (width 0.127))
    (fp_line (start 9.5 -3.54) (end 9.5 3.76) (layer F.SilkS) (width 0.127))
    (fp_arc (start 8.89 -3.54) (end 9.5 -3.54) (angle -90) (layer F.SilkS) (width 0.127))
    (fp_line (start 0.25 -4.15) (end 8.89 -4.15) (layer F.SilkS) (width 0.127))
    (fp_line (start -9.59 0) (end 9.5 0) (layer Dwgs.User) (width 0.05))
    (fp_circle (center -3.99 3.1) (end -3.89 3.1) (layer Dwgs.User) (width 0.2))
    (fp_line (start -3.35 1.7) (end -4.65 1.7) (layer Edge.Cuts) (width 0))
    (fp_line (start -3.35 -1.7) (end -3.35 1.7) (layer Edge.Cuts) (width 0))
    (fp_line (start -4.65 -1.7) (end -3.35 -1.7) (layer Edge.Cuts) (width 0))
    (fp_line (start -4.65 1.7) (end -4.65 -1.7) (layer Edge.Cuts) (width 0))
    (fp_line (start -9.65 0.5) (end -9.65 -0.5) (layer Edge.Cuts) (width 0))
    (fp_line (start -7.35 0.5) (end -9.65 0.5) (layer Edge.Cuts) (width 0))
    (fp_line (start -7.35 -0.5) (end -7.35 0.5) (layer Edge.Cuts) (width 0))
    (fp_line (start -9.65 -0.5) (end -7.35 -0.5) (layer Edge.Cuts) (width 0))
    (fp_circle (center -3.99 5.513) (end -3.89 5.513) (layer F.SilkS) (width 0.2))
    (fp_line (start -10.45 -5.25) (end -10.45 5.25) (layer Eco1.User) (width 0.05))
    (fp_line (start -1.95 -5.25) (end -10.45 -5.25) (layer Eco1.User) (width 0.05))
    (fp_line (start -1.95 -5.4) (end -1.95 -5.25) (layer Eco1.User) (width 0.05))
    (fp_line (start 0.25 -5.4) (end -1.95 -5.4) (layer Eco1.User) (width 0.05))
    (fp_line (start 0.25 -4.4) (end 0.25 -5.4) (layer Eco1.User) (width 0.05))
    (fp_line (start 9.75 -4.4) (end 0.25 -4.4) (layer Eco1.User) (width 0.05))
    (fp_line (start 9.75 4.4) (end 9.75 -4.4) (layer Eco1.User) (width 0.05))
    (fp_line (start 0.25 4.4) (end 9.75 4.4) (layer Eco1.User) (width 0.05))
    (fp_line (start 0.25 5.4) (end 0.25 4.4) (layer Eco1.User) (width 0.05))
    (fp_line (start -1.95 5.4) (end 0.25 5.4) (layer Eco1.User) (width 0.05))
    (fp_line (start -1.95 5.25) (end -1.95 5.4) (layer Eco1.User) (width 0.05))
    (fp_line (start -10.45 5.25) (end -1.95 5.25) (layer Eco1.User) (width 0.05))
    (fp_line (start -9.6 -1) (end -9.6 -2) (layer F.SilkS) (width 0.127))
    (fp_line (start -10 -5) (end -2 -5) (layer F.SilkS) (width 0.127))
    (fp_line (start -10 -2) (end -10 -5) (layer F.SilkS) (width 0.127))
    (fp_line (start -9.6 -2) (end -10 -2) (layer F.SilkS) (width 0.127))
    (fp_line (start -10 2) (end -9.6 2) (layer F.SilkS) (width 0.127))
    (fp_line (start -10 5) (end -10 2) (layer F.SilkS) (width 0.127))
    (fp_line (start 0 3) (end 0 -3) (layer F.SilkS) (width 0.127))
    (fp_line (start -10 5) (end -2 5) (layer F.SilkS) (width 0.127))
    (fp_line (start 0 3.35) (end -1.7 3.35) (layer Edge.Cuts) (width 0.0001))
    (fp_line (start 0 5.15) (end 0 3.35) (layer Edge.Cuts) (width 0.0001))
    (fp_line (start -1.7 5.15) (end 0 5.15) (layer Edge.Cuts) (width 0.0001))
    (fp_line (start -1.7 3.35) (end -1.7 5.15) (layer Edge.Cuts) (width 0.0001))
    (fp_line (start 0 -5.15) (end -1.7 -5.15) (layer Edge.Cuts) (width 0.0001))
    (fp_line (start 0 -3.35) (end 0 -5.15) (layer Edge.Cuts) (width 0.0001))
    (fp_line (start -1.7 -3.35) (end 0 -3.35) (layer Edge.Cuts) (width 0.0001))
    (fp_line (start -1.7 -5.15) (end -1.7 -3.35) (layer Edge.Cuts) (width 0.0001))
    (fp_line (start -10 -2) (end -10 -5) (layer Dwgs.User) (width 0.127))
    (fp_line (start -9.6 -2) (end -10 -2) (layer Dwgs.User) (width 0.127))
    (fp_line (start -9.6 2) (end -9.6 -2) (layer Dwgs.User) (width 0.127))
    (fp_line (start -10 2) (end -9.6 2) (layer Dwgs.User) (width 0.127))
    (fp_line (start -10 5) (end -10 2) (layer Dwgs.User) (width 0.127))
    (fp_line (start 0 5) (end -10 5) (layer Dwgs.User) (width 0.127))
    (fp_line (start 0 4.15) (end 0 5) (layer Dwgs.User) (width 0.127))
    (fp_line (start 0 -4.15) (end 0 4.15) (layer Dwgs.User) (width 0.127))
    (fp_line (start 0 -5) (end 0 -4.15) (layer Dwgs.User) (width 0.127))
    (fp_line (start -10 -5) (end 0 -5) (layer Dwgs.User) (width 0.127))
    (pad 2 thru_hole oval (at -8.5 0 270) (size 3.4 1.7) (drill 1) (layers *.Cu *.Mask)
      (net 3 GND))
    (pad 1 thru_hole oval (at -4 0 180) (size 4.8 2.4) (drill 1.3) (layers *.Cu *.Mask)
      (net 4 CAM2_OUT))
  )

  (module RCJ-044:CUI_RCJ-044 (layer F.Cu) (tedit 5BDF55A2) (tstamp 5BFA2907)
    (at 140.462 112.15 90)
    (path /5BDFBB75)
    (fp_text reference J3 (at -7.44672 -2.286 90) (layer F.SilkS)
      (effects (font (size 1.00672 1.00672) (thickness 0.05)))
    )
    (fp_text value CAM1_OUT (at -6.032 4.064 90) (layer F.SilkS) hide
      (effects (font (size 1.0058 1.0058) (thickness 0.05)))
    )
    (fp_line (start -9.6 2) (end -9.6 1) (layer F.SilkS) (width 0.127))
    (fp_line (start 9.11 4.15) (end 0 4.15) (layer Dwgs.User) (width 0.127))
    (fp_arc (start 9.11 3.76) (end 9.11 4.15) (angle -90) (layer Dwgs.User) (width 0.127))
    (fp_line (start 9.5 -3.56) (end 9.5 3.76) (layer Dwgs.User) (width 0.127))
    (fp_arc (start 8.91 -3.56) (end 9.5 -3.56) (angle -90) (layer Dwgs.User) (width 0.127))
    (fp_line (start 0 -4.15) (end 8.91 -4.15) (layer Dwgs.User) (width 0.127))
    (fp_line (start 9.11 4.15) (end 0.25 4.15) (layer F.SilkS) (width 0.127))
    (fp_arc (start 9.11 3.76) (end 9.11 4.15) (angle -90) (layer F.SilkS) (width 0.127))
    (fp_line (start 9.5 -3.54) (end 9.5 3.76) (layer F.SilkS) (width 0.127))
    (fp_arc (start 8.89 -3.54) (end 9.5 -3.54) (angle -90) (layer F.SilkS) (width 0.127))
    (fp_line (start 0.25 -4.15) (end 8.89 -4.15) (layer F.SilkS) (width 0.127))
    (fp_line (start -9.59 0) (end 9.5 0) (layer Dwgs.User) (width 0.05))
    (fp_circle (center -3.99 3.1) (end -3.89 3.1) (layer Dwgs.User) (width 0.2))
    (fp_line (start -3.35 1.7) (end -4.65 1.7) (layer Edge.Cuts) (width 0))
    (fp_line (start -3.35 -1.7) (end -3.35 1.7) (layer Edge.Cuts) (width 0))
    (fp_line (start -4.65 -1.7) (end -3.35 -1.7) (layer Edge.Cuts) (width 0))
    (fp_line (start -4.65 1.7) (end -4.65 -1.7) (layer Edge.Cuts) (width 0))
    (fp_line (start -9.65 0.5) (end -9.65 -0.5) (layer Edge.Cuts) (width 0))
    (fp_line (start -7.35 0.5) (end -9.65 0.5) (layer Edge.Cuts) (width 0))
    (fp_line (start -7.35 -0.5) (end -7.35 0.5) (layer Edge.Cuts) (width 0))
    (fp_line (start -9.65 -0.5) (end -7.35 -0.5) (layer Edge.Cuts) (width 0))
    (fp_circle (center -3.99 5.513) (end -3.89 5.513) (layer F.SilkS) (width 0.2))
    (fp_line (start -10.45 -5.25) (end -10.45 5.25) (layer Eco1.User) (width 0.05))
    (fp_line (start -1.95 -5.25) (end -10.45 -5.25) (layer Eco1.User) (width 0.05))
    (fp_line (start -1.95 -5.4) (end -1.95 -5.25) (layer Eco1.User) (width 0.05))
    (fp_line (start 0.25 -5.4) (end -1.95 -5.4) (layer Eco1.User) (width 0.05))
    (fp_line (start 0.25 -4.4) (end 0.25 -5.4) (layer Eco1.User) (width 0.05))
    (fp_line (start 9.75 -4.4) (end 0.25 -4.4) (layer Eco1.User) (width 0.05))
    (fp_line (start 9.75 4.4) (end 9.75 -4.4) (layer Eco1.User) (width 0.05))
    (fp_line (start 0.25 4.4) (end 9.75 4.4) (layer Eco1.User) (width 0.05))
    (fp_line (start 0.25 5.4) (end 0.25 4.4) (layer Eco1.User) (width 0.05))
    (fp_line (start -1.95 5.4) (end 0.25 5.4) (layer Eco1.User) (width 0.05))
    (fp_line (start -1.95 5.25) (end -1.95 5.4) (layer Eco1.User) (width 0.05))
    (fp_line (start -10.45 5.25) (end -1.95 5.25) (layer Eco1.User) (width 0.05))
    (fp_line (start -9.6 -1) (end -9.6 -2) (layer F.SilkS) (width 0.127))
    (fp_line (start -10 -5) (end -2 -5) (layer F.SilkS) (width 0.127))
    (fp_line (start -10 -2) (end -10 -5) (layer F.SilkS) (width 0.127))
    (fp_line (start -9.6 -2) (end -10 -2) (layer F.SilkS) (width 0.127))
    (fp_line (start -10 2) (end -9.6 2) (layer F.SilkS) (width 0.127))
    (fp_line (start -10 5) (end -10 2) (layer F.SilkS) (width 0.127))
    (fp_line (start 0 3) (end 0 -3) (layer F.SilkS) (width 0.127))
    (fp_line (start -10 5) (end -2 5) (layer F.SilkS) (width 0.127))
    (fp_line (start 0 3.35) (end -1.7 3.35) (layer Edge.Cuts) (width 0.0001))
    (fp_line (start 0 5.15) (end 0 3.35) (layer Edge.Cuts) (width 0.0001))
    (fp_line (start -1.7 5.15) (end 0 5.15) (layer Edge.Cuts) (width 0.0001))
    (fp_line (start -1.7 3.35) (end -1.7 5.15) (layer Edge.Cuts) (width 0.0001))
    (fp_line (start 0 -5.15) (end -1.7 -5.15) (layer Edge.Cuts) (width 0.0001))
    (fp_line (start 0 -3.35) (end 0 -5.15) (layer Edge.Cuts) (width 0.0001))
    (fp_line (start -1.7 -3.35) (end 0 -3.35) (layer Edge.Cuts) (width 0.0001))
    (fp_line (start -1.7 -5.15) (end -1.7 -3.35) (layer Edge.Cuts) (width 0.0001))
    (fp_line (start -10 -2) (end -10 -5) (layer Dwgs.User) (width 0.127))
    (fp_line (start -9.6 -2) (end -10 -2) (layer Dwgs.User) (width 0.127))
    (fp_line (start -9.6 2) (end -9.6 -2) (layer Dwgs.User) (width 0.127))
    (fp_line (start -10 2) (end -9.6 2) (layer Dwgs.User) (width 0.127))
    (fp_line (start -10 5) (end -10 2) (layer Dwgs.User) (width 0.127))
    (fp_line (start 0 5) (end -10 5) (layer Dwgs.User) (width 0.127))
    (fp_line (start 0 4.15) (end 0 5) (layer Dwgs.User) (width 0.127))
    (fp_line (start 0 -4.15) (end 0 4.15) (layer Dwgs.User) (width 0.127))
    (fp_line (start 0 -5) (end 0 -4.15) (layer Dwgs.User) (width 0.127))
    (fp_line (start -10 -5) (end 0 -5) (layer Dwgs.User) (width 0.127))
    (pad 2 thru_hole oval (at -8.5 0 270) (size 3.4 1.7) (drill 1) (layers *.Cu *.Mask)
      (net 3 GND))
    (pad 1 thru_hole oval (at -4 0 180) (size 4.8 2.4) (drill 1.3) (layers *.Cu *.Mask)
      (net 18 CAM1_OUT))
  )

  (module Capacitor_SMD:C_0603_1608Metric (layer F.Cu) (tedit 5B301BBE) (tstamp 5BEB9720)
    (at 88.646 122.1485 90)
    (descr "Capacitor SMD 0603 (1608 Metric), square (rectangular) end terminal, IPC_7351 nominal, (Body size source: http://www.tortai-tech.com/upload/download/2011102023233369053.pdf), generated with kicad-footprint-generator")
    (tags capacitor)
    (path /5BE0A1F7)
    (attr smd)
    (fp_text reference C11 (at 0 1.524 90) (layer F.SilkS)
      (effects (font (size 1 1) (thickness 0.15)))
    )
    (fp_text value 0.1uF (at 0 1.43 90) (layer F.Fab)
      (effects (font (size 1 1) (thickness 0.15)))
    )
    (fp_text user %R (at 0 0 90) (layer F.Fab)
      (effects (font (size 0.4 0.4) (thickness 0.06)))
    )
    (fp_line (start 1.48 0.73) (end -1.48 0.73) (layer F.CrtYd) (width 0.05))
    (fp_line (start 1.48 -0.73) (end 1.48 0.73) (layer F.CrtYd) (width 0.05))
    (fp_line (start -1.48 -0.73) (end 1.48 -0.73) (layer F.CrtYd) (width 0.05))
    (fp_line (start -1.48 0.73) (end -1.48 -0.73) (layer F.CrtYd) (width 0.05))
    (fp_line (start -0.162779 0.51) (end 0.162779 0.51) (layer F.SilkS) (width 0.12))
    (fp_line (start -0.162779 -0.51) (end 0.162779 -0.51) (layer F.SilkS) (width 0.12))
    (fp_line (start 0.8 0.4) (end -0.8 0.4) (layer F.Fab) (width 0.1))
    (fp_line (start 0.8 -0.4) (end 0.8 0.4) (layer F.Fab) (width 0.1))
    (fp_line (start -0.8 -0.4) (end 0.8 -0.4) (layer F.Fab) (width 0.1))
    (fp_line (start -0.8 0.4) (end -0.8 -0.4) (layer F.Fab) (width 0.1))
    (pad 2 smd roundrect (at 0.7875 0 90) (size 0.875 0.95) (layers F.Cu F.Paste F.Mask) (roundrect_rratio 0.25)
      (net 3 GND))
    (pad 1 smd roundrect (at -0.7875 0 90) (size 0.875 0.95) (layers F.Cu F.Paste F.Mask) (roundrect_rratio 0.25)
      (net 10 +5V))
    (model ${KISYS3DMOD}/Capacitor_SMD.3dshapes/C_0603_1608Metric.wrl
      (at (xyz 0 0 0))
      (scale (xyz 1 1 1))
      (rotate (xyz 0 0 0))
    )
  )

  (module Capacitor_SMD:C_0603_1608Metric (layer F.Cu) (tedit 5B301BBE) (tstamp 5BEBC2C1)
    (at 88.646 117.6275 270)
    (descr "Capacitor SMD 0603 (1608 Metric), square (rectangular) end terminal, IPC_7351 nominal, (Body size source: http://www.tortai-tech.com/upload/download/2011102023233369053.pdf), generated with kicad-footprint-generator")
    (tags capacitor)
    (path /5BE0EB4D)
    (attr smd)
    (fp_text reference C10 (at -0.0255 -1.524 270) (layer F.SilkS)
      (effects (font (size 1 1) (thickness 0.15)))
    )
    (fp_text value 0.1uF (at 0 1.43 270) (layer F.Fab)
      (effects (font (size 1 1) (thickness 0.15)))
    )
    (fp_line (start -0.8 0.4) (end -0.8 -0.4) (layer F.Fab) (width 0.1))
    (fp_line (start -0.8 -0.4) (end 0.8 -0.4) (layer F.Fab) (width 0.1))
    (fp_line (start 0.8 -0.4) (end 0.8 0.4) (layer F.Fab) (width 0.1))
    (fp_line (start 0.8 0.4) (end -0.8 0.4) (layer F.Fab) (width 0.1))
    (fp_line (start -0.162779 -0.51) (end 0.162779 -0.51) (layer F.SilkS) (width 0.12))
    (fp_line (start -0.162779 0.51) (end 0.162779 0.51) (layer F.SilkS) (width 0.12))
    (fp_line (start -1.48 0.73) (end -1.48 -0.73) (layer F.CrtYd) (width 0.05))
    (fp_line (start -1.48 -0.73) (end 1.48 -0.73) (layer F.CrtYd) (width 0.05))
    (fp_line (start 1.48 -0.73) (end 1.48 0.73) (layer F.CrtYd) (width 0.05))
    (fp_line (start 1.48 0.73) (end -1.48 0.73) (layer F.CrtYd) (width 0.05))
    (fp_text user %R (at 0 0 270) (layer F.Fab)
      (effects (font (size 0.4 0.4) (thickness 0.06)))
    )
    (pad 1 smd roundrect (at -0.7875 0 270) (size 0.875 0.95) (layers F.Cu F.Paste F.Mask) (roundrect_rratio 0.25)
      (net 10 +5V))
    (pad 2 smd roundrect (at 0.7875 0 270) (size 0.875 0.95) (layers F.Cu F.Paste F.Mask) (roundrect_rratio 0.25)
      (net 3 GND))
    (model ${KISYS3DMOD}/Capacitor_SMD.3dshapes/C_0603_1608Metric.wrl
      (at (xyz 0 0 0))
      (scale (xyz 1 1 1))
      (rotate (xyz 0 0 0))
    )
  )

  (module Capacitor_SMD:C_0603_1608Metric (layer F.Cu) (tedit 5B301BBE) (tstamp 5BEB96FE)
    (at 64.008 122.1995 270)
    (descr "Capacitor SMD 0603 (1608 Metric), square (rectangular) end terminal, IPC_7351 nominal, (Body size source: http://www.tortai-tech.com/upload/download/2011102023233369053.pdf), generated with kicad-footprint-generator")
    (tags capacitor)
    (path /5BE28795)
    (attr smd)
    (fp_text reference C9 (at 0 -1.524 270) (layer F.SilkS)
      (effects (font (size 1 1) (thickness 0.15)))
    )
    (fp_text value 0.1uF (at 0 1.43 270) (layer F.Fab)
      (effects (font (size 1 1) (thickness 0.15)))
    )
    (fp_text user %R (at 0 0 270) (layer F.Fab)
      (effects (font (size 0.4 0.4) (thickness 0.06)))
    )
    (fp_line (start 1.48 0.73) (end -1.48 0.73) (layer F.CrtYd) (width 0.05))
    (fp_line (start 1.48 -0.73) (end 1.48 0.73) (layer F.CrtYd) (width 0.05))
    (fp_line (start -1.48 -0.73) (end 1.48 -0.73) (layer F.CrtYd) (width 0.05))
    (fp_line (start -1.48 0.73) (end -1.48 -0.73) (layer F.CrtYd) (width 0.05))
    (fp_line (start -0.162779 0.51) (end 0.162779 0.51) (layer F.SilkS) (width 0.12))
    (fp_line (start -0.162779 -0.51) (end 0.162779 -0.51) (layer F.SilkS) (width 0.12))
    (fp_line (start 0.8 0.4) (end -0.8 0.4) (layer F.Fab) (width 0.1))
    (fp_line (start 0.8 -0.4) (end 0.8 0.4) (layer F.Fab) (width 0.1))
    (fp_line (start -0.8 -0.4) (end 0.8 -0.4) (layer F.Fab) (width 0.1))
    (fp_line (start -0.8 0.4) (end -0.8 -0.4) (layer F.Fab) (width 0.1))
    (pad 2 smd roundrect (at 0.7875 0 270) (size 0.875 0.95) (layers F.Cu F.Paste F.Mask) (roundrect_rratio 0.25)
      (net 3 GND))
    (pad 1 smd roundrect (at -0.7875 0 270) (size 0.875 0.95) (layers F.Cu F.Paste F.Mask) (roundrect_rratio 0.25)
      (net 10 +5V))
    (model ${KISYS3DMOD}/Capacitor_SMD.3dshapes/C_0603_1608Metric.wrl
      (at (xyz 0 0 0))
      (scale (xyz 1 1 1))
      (rotate (xyz 0 0 0))
    )
  )

  (module Capacitor_SMD:C_0603_1608Metric (layer F.Cu) (tedit 5B301BBE) (tstamp 5BEB96ED)
    (at 57.15 111.310469 270)
    (descr "Capacitor SMD 0603 (1608 Metric), square (rectangular) end terminal, IPC_7351 nominal, (Body size source: http://www.tortai-tech.com/upload/download/2011102023233369053.pdf), generated with kicad-footprint-generator")
    (tags capacitor)
    (path /5BE2B49E)
    (attr smd)
    (fp_text reference C8 (at 0 1.27 270) (layer F.SilkS)
      (effects (font (size 1 1) (thickness 0.15)))
    )
    (fp_text value 0.1uF (at 0 1.43 270) (layer F.Fab)
      (effects (font (size 1 1) (thickness 0.15)))
    )
    (fp_line (start -0.8 0.4) (end -0.8 -0.4) (layer F.Fab) (width 0.1))
    (fp_line (start -0.8 -0.4) (end 0.8 -0.4) (layer F.Fab) (width 0.1))
    (fp_line (start 0.8 -0.4) (end 0.8 0.4) (layer F.Fab) (width 0.1))
    (fp_line (start 0.8 0.4) (end -0.8 0.4) (layer F.Fab) (width 0.1))
    (fp_line (start -0.162779 -0.51) (end 0.162779 -0.51) (layer F.SilkS) (width 0.12))
    (fp_line (start -0.162779 0.51) (end 0.162779 0.51) (layer F.SilkS) (width 0.12))
    (fp_line (start -1.48 0.73) (end -1.48 -0.73) (layer F.CrtYd) (width 0.05))
    (fp_line (start -1.48 -0.73) (end 1.48 -0.73) (layer F.CrtYd) (width 0.05))
    (fp_line (start 1.48 -0.73) (end 1.48 0.73) (layer F.CrtYd) (width 0.05))
    (fp_line (start 1.48 0.73) (end -1.48 0.73) (layer F.CrtYd) (width 0.05))
    (fp_text user %R (at 0 0 270) (layer F.Fab)
      (effects (font (size 0.4 0.4) (thickness 0.06)))
    )
    (pad 1 smd roundrect (at -0.7875 0 270) (size 0.875 0.95) (layers F.Cu F.Paste F.Mask) (roundrect_rratio 0.25)
      (net 3 GND))
    (pad 2 smd roundrect (at 0.7875 0 270) (size 0.875 0.95) (layers F.Cu F.Paste F.Mask) (roundrect_rratio 0.25)
      (net 10 +5V))
    (model ${KISYS3DMOD}/Capacitor_SMD.3dshapes/C_0603_1608Metric.wrl
      (at (xyz 0 0 0))
      (scale (xyz 1 1 1))
      (rotate (xyz 0 0 0))
    )
  )

  (module Capacitor_SMD:C_0603_1608Metric (layer F.Cu) (tedit 5B301BBE) (tstamp 5BEB96DC)
    (at 130.136366 123.73696)
    (descr "Capacitor SMD 0603 (1608 Metric), square (rectangular) end terminal, IPC_7351 nominal, (Body size source: http://www.tortai-tech.com/upload/download/2011102023233369053.pdf), generated with kicad-footprint-generator")
    (tags capacitor)
    (path /5BDE5766)
    (attr smd)
    (fp_text reference C7 (at -2.286 -0.03896 180) (layer F.SilkS)
      (effects (font (size 1 1) (thickness 0.15)))
    )
    (fp_text value 0.1uF (at 0 1.43) (layer F.Fab)
      (effects (font (size 1 1) (thickness 0.15)))
    )
    (fp_text user %R (at 0 0) (layer F.Fab)
      (effects (font (size 0.4 0.4) (thickness 0.06)))
    )
    (fp_line (start 1.48 0.73) (end -1.48 0.73) (layer F.CrtYd) (width 0.05))
    (fp_line (start 1.48 -0.73) (end 1.48 0.73) (layer F.CrtYd) (width 0.05))
    (fp_line (start -1.48 -0.73) (end 1.48 -0.73) (layer F.CrtYd) (width 0.05))
    (fp_line (start -1.48 0.73) (end -1.48 -0.73) (layer F.CrtYd) (width 0.05))
    (fp_line (start -0.162779 0.51) (end 0.162779 0.51) (layer F.SilkS) (width 0.12))
    (fp_line (start -0.162779 -0.51) (end 0.162779 -0.51) (layer F.SilkS) (width 0.12))
    (fp_line (start 0.8 0.4) (end -0.8 0.4) (layer F.Fab) (width 0.1))
    (fp_line (start 0.8 -0.4) (end 0.8 0.4) (layer F.Fab) (width 0.1))
    (fp_line (start -0.8 -0.4) (end 0.8 -0.4) (layer F.Fab) (width 0.1))
    (fp_line (start -0.8 0.4) (end -0.8 -0.4) (layer F.Fab) (width 0.1))
    (pad 2 smd roundrect (at 0.7875 0) (size 0.875 0.95) (layers F.Cu F.Paste F.Mask) (roundrect_rratio 0.25)
      (net 3 GND))
    (pad 1 smd roundrect (at -0.7875 0) (size 0.875 0.95) (layers F.Cu F.Paste F.Mask) (roundrect_rratio 0.25)
      (net 22 -5V))
    (model ${KISYS3DMOD}/Capacitor_SMD.3dshapes/C_0603_1608Metric.wrl
      (at (xyz 0 0 0))
      (scale (xyz 1 1 1))
      (rotate (xyz 0 0 0))
    )
  )

  (module Capacitor_SMD:C_0603_1608Metric (layer F.Cu) (tedit 5B301BBE) (tstamp 5BEBCC60)
    (at 121.246366 130.36646 90)
    (descr "Capacitor SMD 0603 (1608 Metric), square (rectangular) end terminal, IPC_7351 nominal, (Body size source: http://www.tortai-tech.com/upload/download/2011102023233369053.pdf), generated with kicad-footprint-generator")
    (tags capacitor)
    (path /5BDE5773)
    (attr smd)
    (fp_text reference C5 (at -2.22154 -0.088366 180) (layer F.SilkS)
      (effects (font (size 1 1) (thickness 0.15)))
    )
    (fp_text value 0.1uF (at 0 1.43 90) (layer F.Fab)
      (effects (font (size 1 1) (thickness 0.15)))
    )
    (fp_line (start -0.8 0.4) (end -0.8 -0.4) (layer F.Fab) (width 0.1))
    (fp_line (start -0.8 -0.4) (end 0.8 -0.4) (layer F.Fab) (width 0.1))
    (fp_line (start 0.8 -0.4) (end 0.8 0.4) (layer F.Fab) (width 0.1))
    (fp_line (start 0.8 0.4) (end -0.8 0.4) (layer F.Fab) (width 0.1))
    (fp_line (start -0.162779 -0.51) (end 0.162779 -0.51) (layer F.SilkS) (width 0.12))
    (fp_line (start -0.162779 0.51) (end 0.162779 0.51) (layer F.SilkS) (width 0.12))
    (fp_line (start -1.48 0.73) (end -1.48 -0.73) (layer F.CrtYd) (width 0.05))
    (fp_line (start -1.48 -0.73) (end 1.48 -0.73) (layer F.CrtYd) (width 0.05))
    (fp_line (start 1.48 -0.73) (end 1.48 0.73) (layer F.CrtYd) (width 0.05))
    (fp_line (start 1.48 0.73) (end -1.48 0.73) (layer F.CrtYd) (width 0.05))
    (fp_text user %R (at 0 0 90) (layer F.Fab)
      (effects (font (size 0.4 0.4) (thickness 0.06)))
    )
    (pad 1 smd roundrect (at -0.7875 0 90) (size 0.875 0.95) (layers F.Cu F.Paste F.Mask) (roundrect_rratio 0.25)
      (net 10 +5V))
    (pad 2 smd roundrect (at 0.7875 0 90) (size 0.875 0.95) (layers F.Cu F.Paste F.Mask) (roundrect_rratio 0.25)
      (net 3 GND))
    (model ${KISYS3DMOD}/Capacitor_SMD.3dshapes/C_0603_1608Metric.wrl
      (at (xyz 0 0 0))
      (scale (xyz 1 1 1))
      (rotate (xyz 0 0 0))
    )
  )

  (module Capacitor_SMD:C_0603_1608Metric (layer F.Cu) (tedit 5B301BBE) (tstamp 5BFA3D78)
    (at 143.791444 123.665658)
    (descr "Capacitor SMD 0603 (1608 Metric), square (rectangular) end terminal, IPC_7351 nominal, (Body size source: http://www.tortai-tech.com/upload/download/2011102023233369053.pdf), generated with kicad-footprint-generator")
    (tags capacitor)
    (path /5BE73D23)
    (attr smd)
    (fp_text reference C2 (at -2.313444 0.032342 180) (layer F.SilkS)
      (effects (font (size 1 1) (thickness 0.15)))
    )
    (fp_text value 0.1uF (at 0 1.43) (layer F.Fab)
      (effects (font (size 1 1) (thickness 0.15)))
    )
    (fp_line (start -0.8 0.4) (end -0.8 -0.4) (layer F.Fab) (width 0.1))
    (fp_line (start -0.8 -0.4) (end 0.8 -0.4) (layer F.Fab) (width 0.1))
    (fp_line (start 0.8 -0.4) (end 0.8 0.4) (layer F.Fab) (width 0.1))
    (fp_line (start 0.8 0.4) (end -0.8 0.4) (layer F.Fab) (width 0.1))
    (fp_line (start -0.162779 -0.51) (end 0.162779 -0.51) (layer F.SilkS) (width 0.12))
    (fp_line (start -0.162779 0.51) (end 0.162779 0.51) (layer F.SilkS) (width 0.12))
    (fp_line (start -1.48 0.73) (end -1.48 -0.73) (layer F.CrtYd) (width 0.05))
    (fp_line (start -1.48 -0.73) (end 1.48 -0.73) (layer F.CrtYd) (width 0.05))
    (fp_line (start 1.48 -0.73) (end 1.48 0.73) (layer F.CrtYd) (width 0.05))
    (fp_line (start 1.48 0.73) (end -1.48 0.73) (layer F.CrtYd) (width 0.05))
    (fp_text user %R (at 0 0) (layer F.Fab)
      (effects (font (size 0.4 0.4) (thickness 0.06)))
    )
    (pad 1 smd roundrect (at -0.7875 0) (size 0.875 0.95) (layers F.Cu F.Paste F.Mask) (roundrect_rratio 0.25)
      (net 22 -5V))
    (pad 2 smd roundrect (at 0.7875 0) (size 0.875 0.95) (layers F.Cu F.Paste F.Mask) (roundrect_rratio 0.25)
      (net 3 GND))
    (model ${KISYS3DMOD}/Capacitor_SMD.3dshapes/C_0603_1608Metric.wrl
      (at (xyz 0 0 0))
      (scale (xyz 1 1 1))
      (rotate (xyz 0 0 0))
    )
  )

  (module Capacitor_SMD:C_0603_1608Metric (layer F.Cu) (tedit 5B301BBE) (tstamp 5BFA53EA)
    (at 134.901444 130.295158 90)
    (descr "Capacitor SMD 0603 (1608 Metric), square (rectangular) end terminal, IPC_7351 nominal, (Body size source: http://www.tortai-tech.com/upload/download/2011102023233369053.pdf), generated with kicad-footprint-generator")
    (tags capacitor)
    (path /5BE79D2E)
    (attr smd)
    (fp_text reference C1 (at -2.292842 -0.027444 180) (layer F.SilkS)
      (effects (font (size 1 1) (thickness 0.15)))
    )
    (fp_text value 0.1uF (at 0 1.43 90) (layer F.Fab)
      (effects (font (size 1 1) (thickness 0.15)))
    )
    (fp_text user %R (at 0 0 90) (layer F.Fab)
      (effects (font (size 0.4 0.4) (thickness 0.06)))
    )
    (fp_line (start 1.48 0.73) (end -1.48 0.73) (layer F.CrtYd) (width 0.05))
    (fp_line (start 1.48 -0.73) (end 1.48 0.73) (layer F.CrtYd) (width 0.05))
    (fp_line (start -1.48 -0.73) (end 1.48 -0.73) (layer F.CrtYd) (width 0.05))
    (fp_line (start -1.48 0.73) (end -1.48 -0.73) (layer F.CrtYd) (width 0.05))
    (fp_line (start -0.162779 0.51) (end 0.162779 0.51) (layer F.SilkS) (width 0.12))
    (fp_line (start -0.162779 -0.51) (end 0.162779 -0.51) (layer F.SilkS) (width 0.12))
    (fp_line (start 0.8 0.4) (end -0.8 0.4) (layer F.Fab) (width 0.1))
    (fp_line (start 0.8 -0.4) (end 0.8 0.4) (layer F.Fab) (width 0.1))
    (fp_line (start -0.8 -0.4) (end 0.8 -0.4) (layer F.Fab) (width 0.1))
    (fp_line (start -0.8 0.4) (end -0.8 -0.4) (layer F.Fab) (width 0.1))
    (pad 2 smd roundrect (at 0.7875 0 90) (size 0.875 0.95) (layers F.Cu F.Paste F.Mask) (roundrect_rratio 0.25)
      (net 3 GND))
    (pad 1 smd roundrect (at -0.7875 0 90) (size 0.875 0.95) (layers F.Cu F.Paste F.Mask) (roundrect_rratio 0.25)
      (net 10 +5V))
    (model ${KISYS3DMOD}/Capacitor_SMD.3dshapes/C_0603_1608Metric.wrl
      (at (xyz 0 0 0))
      (scale (xyz 1 1 1))
      (rotate (xyz 0 0 0))
    )
  )

  (module Capacitor_SMD:C_0805_2012Metric (layer F.Cu) (tedit 5B36C52B) (tstamp 5BFA3A3B)
    (at 119.024202 125.634722 90)
    (descr "Capacitor SMD 0805 (2012 Metric), square (rectangular) end terminal, IPC_7351 nominal, (Body size source: https://docs.google.com/spreadsheets/d/1BsfQQcO9C6DZCsRaXUlFlo91Tg2WpOkGARC1WS5S8t0/edit?usp=sharing), generated with kicad-footprint-generator")
    (tags capacitor)
    (path /5BE1A41C)
    (attr smd)
    (fp_text reference C4 (at -2.3645 0 180) (layer F.SilkS)
      (effects (font (size 1 1) (thickness 0.15)))
    )
    (fp_text value 10uF (at 0 1.65 90) (layer F.Fab)
      (effects (font (size 1 1) (thickness 0.15)))
    )
    (fp_line (start -1 0.6) (end -1 -0.6) (layer F.Fab) (width 0.1))
    (fp_line (start -1 -0.6) (end 1 -0.6) (layer F.Fab) (width 0.1))
    (fp_line (start 1 -0.6) (end 1 0.6) (layer F.Fab) (width 0.1))
    (fp_line (start 1 0.6) (end -1 0.6) (layer F.Fab) (width 0.1))
    (fp_line (start -0.258578 -0.71) (end 0.258578 -0.71) (layer F.SilkS) (width 0.12))
    (fp_line (start -0.258578 0.71) (end 0.258578 0.71) (layer F.SilkS) (width 0.12))
    (fp_line (start -1.68 0.95) (end -1.68 -0.95) (layer F.CrtYd) (width 0.05))
    (fp_line (start -1.68 -0.95) (end 1.68 -0.95) (layer F.CrtYd) (width 0.05))
    (fp_line (start 1.68 -0.95) (end 1.68 0.95) (layer F.CrtYd) (width 0.05))
    (fp_line (start 1.68 0.95) (end -1.68 0.95) (layer F.CrtYd) (width 0.05))
    (fp_text user %R (at 0 0 90) (layer F.Fab)
      (effects (font (size 0.5 0.5) (thickness 0.08)))
    )
    (pad 1 smd roundrect (at -0.9375 0 90) (size 0.975 1.4) (layers F.Cu F.Paste F.Mask) (roundrect_rratio 0.25)
      (net 22 -5V))
    (pad 2 smd roundrect (at 0.9375 0 90) (size 0.975 1.4) (layers F.Cu F.Paste F.Mask) (roundrect_rratio 0.25)
      (net 3 GND))
    (model ${KISYS3DMOD}/Capacitor_SMD.3dshapes/C_0805_2012Metric.wrl
      (at (xyz 0 0 0))
      (scale (xyz 1 1 1))
      (rotate (xyz 0 0 0))
    )
  )

  (module Capacitor_SMD:C_0805_2012Metric (layer F.Cu) (tedit 5B36C52B) (tstamp 5BFA3A0B)
    (at 116.151702 130.771772 180)
    (descr "Capacitor SMD 0805 (2012 Metric), square (rectangular) end terminal, IPC_7351 nominal, (Body size source: https://docs.google.com/spreadsheets/d/1BsfQQcO9C6DZCsRaXUlFlo91Tg2WpOkGARC1WS5S8t0/edit?usp=sharing), generated with kicad-footprint-generator")
    (tags capacitor)
    (path /5BE5102A)
    (attr smd)
    (fp_text reference C3 (at 0 -1.65 180) (layer F.SilkS)
      (effects (font (size 1 1) (thickness 0.15)))
    )
    (fp_text value 10uF (at 0 1.65 180) (layer F.Fab)
      (effects (font (size 1 1) (thickness 0.15)))
    )
    (fp_text user %R (at 0 0 180) (layer F.Fab)
      (effects (font (size 0.5 0.5) (thickness 0.08)))
    )
    (fp_line (start 1.68 0.95) (end -1.68 0.95) (layer F.CrtYd) (width 0.05))
    (fp_line (start 1.68 -0.95) (end 1.68 0.95) (layer F.CrtYd) (width 0.05))
    (fp_line (start -1.68 -0.95) (end 1.68 -0.95) (layer F.CrtYd) (width 0.05))
    (fp_line (start -1.68 0.95) (end -1.68 -0.95) (layer F.CrtYd) (width 0.05))
    (fp_line (start -0.258578 0.71) (end 0.258578 0.71) (layer F.SilkS) (width 0.12))
    (fp_line (start -0.258578 -0.71) (end 0.258578 -0.71) (layer F.SilkS) (width 0.12))
    (fp_line (start 1 0.6) (end -1 0.6) (layer F.Fab) (width 0.1))
    (fp_line (start 1 -0.6) (end 1 0.6) (layer F.Fab) (width 0.1))
    (fp_line (start -1 -0.6) (end 1 -0.6) (layer F.Fab) (width 0.1))
    (fp_line (start -1 0.6) (end -1 -0.6) (layer F.Fab) (width 0.1))
    (pad 2 smd roundrect (at 0.9375 0 180) (size 0.975 1.4) (layers F.Cu F.Paste F.Mask) (roundrect_rratio 0.25)
      (net 3 GND))
    (pad 1 smd roundrect (at -0.9375 0 180) (size 0.975 1.4) (layers F.Cu F.Paste F.Mask) (roundrect_rratio 0.25)
      (net 10 +5V))
    (model ${KISYS3DMOD}/Capacitor_SMD.3dshapes/C_0805_2012Metric.wrl
      (at (xyz 0 0 0))
      (scale (xyz 1 1 1))
      (rotate (xyz 0 0 0))
